1000 14 3 59
2000 11 1 16
3000 12 2 20
4000 9 2 14
5000 13 1 22
6000 10 3 15
7000 9 1 17
8000 5 1 9
9000 7 1 7
10000 7 4 14
11000 7 0 14
12000 2 0 3
13000 4 1 4
14000 7 2 18
15000 5 2 5
16000 8 1 27
17000 6 0 11
18000 3 0 6
19000 10 2 10
20000 7 4 37
21000 5 2 8
22000 12 4 19
23000 9 2 22
24000 6 2 23
25000 8 0 11
26000 11 4 16
27000 12 1 22
28000 10 3 15
29000 14 2 18
30000 4 0 14
31000 5 2 10
32000 7 2 9
33000 10 0 13
34000 11 1 17
35000 9 1 21
36000 10 6 22
37000 6 2 16
38000 10 1 21
39000 4 0 15
40000 9 1 21
41000 8 3 9
42000 10 2 30
43000 8 2 16
44000 8 3 12
45000 7 0 19
46000 7 5 8
47000 4 2 8
48000 11 3 14
49000 8 2 12
50000 11 5 15
51000 7 4 10
52000 9 2 15
53000 7 2 12
54000 7 3 12
55000 10 3 14
56000 5 0 10
57000 9 2 15
58000 8 2 15
59000 10 4 14
60000 8 1 10
61000 9 4 13
62000 10 0 12
63000 7 2 11
64000 6 2 14
65000 8 2 9
66000 8 2 21
67000 4 3 10
68000 9 3 14
69000 8 3 19
70000 10 2 18
71000 6 4 22
72000 7 1 27
73000 10 2 25
74000 10 5 28
75000 9 1 33
76000 9 2 16
77000 10 5 42
78000 7 3 8
79000 9 3 19
80000 10 1 20
81000 6 2 28
82000 11 5 13
83000 8 2 16
84000 8 1 14
85000 4 1 14
86000 8 4 11
87000 8 2 11
88000 7 1 13
89000 6 1 24
90000 4 3 11
91000 8 5 15
92000 9 4 12
93000 7 3 15
94000 6 4 12
95000 4 0 10
96000 8 1 18
97000 8 4 13
98000 5 6 5
99000 4 1 6
100000 5 4 9
101000 6 3 9
102000 8 3 33
103000 3 1 8
104000 6 2 9
105000 11 7 22
106000 8 3 12
107000 6 7 10
108000 5 3 9
109000 9 2 9
110000 6 0 17
111000 6 3 56
112000 8 2 8
113000 5 3 6
114000 7 4 10
115000 6 3 7
116000 9 4 11
117000 6 6 18
118000 6 0 7
119000 7 4 14
120000 3 0 7
121000 8 4 11
122000 7 4 20
123000 9 3 16
124000 6 1 10
125000 3 2 7
126000 11 3 22
127000 8 3 24
128000 10 3 24
129000 4 2 14
130000 8 1 11
131000 9 8 11
132000 7 5 13
133000 8 6 17
134000 4 0 8
135000 9 4 31
136000 6 6 16
137000 5 2 9
138000 4 0 9
139000 10 4 16
140000 8 4 14
141000 6 5 14
142000 6 4 15
143000 5 4 8
144000 6 1 11
145000 5 5 11
146000 5 6 20
147000 11 3 14
148000 8 3 13
149000 9 2 11
150000 7 6 9
151000 7 6 11
152000 5 2 6
153000 6 1 11
154000 7 5 18
155000 5 4 7
156000 10 8 17
157000 6 2 13
158000 6 4 11
159000 8 5 11
160000 8 3 9
161000 5 4 7
162000 7 6 9
163000 9 3 21
164000 1 1 3
165000 4 2 7
166000 4 4 5
167000 6 2 6
168000 8 3 26
169000 4 4 4
170000 1 2 12
171000 6 3 15
172000 3 1 4
173000 5 2 9
174000 6 3 11
175000 5 3 12
176000 8 4 16
177000 5 3 7
178000 6 2 18
179000 7 2 10
180000 9 5 24
181000 7 8 8
182000 7 7 13
183000 11 6 26
184000 8 5 12
185000 5 3 5
186000 9 2 13
187000 12 3 21
188000 8 8 10
189000 3 3 4
190000 5 2 16
191000 3 1 5
192000 9 4 15
193000 3 2 10
194000 7 1 11
195000 3 4 10
196000 4 0 9
197000 6 4 8
198000 5 3 9
199000 8 5 9
200000 8 5 16
201000 5 3 9
202000 6 8 13
203000 8 3 12
204000 4 5 17
205000 11 2 13
206000 5 1 7
207000 6 1 11
208000 12 6 19
209000 6 2 14
210000 9 4 27
211000 9 7 16
212000 7 6 12
213000 1 0 9
214000 6 1 20
215000 5 1 5
216000 7 4 17
217000 7 2 9
218000 8 4 12
219000 2 1 12
220000 5 1 10
221000 8 6 11
222000 6 1 14
223000 7 3 14
224000 6 5 9
225000 5 1 15
226000 2 1 15
227000 7 5 13
228000 8 3 24
229000 1 0 9
230000 2 2 5
231000 8 2 10
232000 1 1 7
233000 5 4 7
234000 10 6 23
235000 10 7 21
236000 7 6 17
237000 3 0 13
238000 5 2 18
239000 5 1 11
240000 6 3 10
241000 5 3 10
242000 3 0 8
243000 8 7 20
244000 1 2 2
245000 3 0 7
246000 3 1 3
247000 6 7 13
248000 5 4 15
249000 2 0 5
250000 7 3 11
251000 6 4 14
252000 6 1 38
253000 9 9 11
254000 6 3 24
255000 2 2 9
256000 5 3 15
257000 8 3 9
258000 7 5 19
259000 8 1 11
260000 5 3 30
261000 10 4 15
262000 7 7 11
263000 5 2 10
264000 9 5 20
265000 7 2 10
266000 6 2 10
267000 7 2 12
268000 7 5 14
269000 3 0 13
270000 8 5 30
271000 5 3 13
272000 5 5 6
273000 3 3 8
274000 6 5 9
275000 6 6 6
276000 6 2 11
277000 4 3 12
278000 5 5 8
279000 9 4 14
280000 3 3 6
281000 4 3 8
282000 6 2 9
283000 4 4 7
284000 5 3 14
285000 6 1 14
286000 7 4 18
287000 1 2 13
288000 2 9 3
289000 3 1 7
290000 4 3 8
291000 5 1 8
292000 7 3 23
293000 0 3 7
294000 7 5 8
295000 3 1 15
296000 2 3 4
297000 11 8 15
298000 4 4 11
299000 5 1 9
300000 7 1 8
301000 7 4 10
302000 5 6 8
303000 6 0 11
304000 2 1 11
305000 3 3 13
306000 4 2 10
307000 7 4 12
308000 5 1 5
309000 3 5 4
310000 5 1 6
311000 8 4 11
312000 8 6 17
313000 5 5 9
314000 5 3 8
315000 4 1 7
316000 3 3 6
317000 4 3 9
318000 7 6 10
319000 3 2 9
320000 3 7 6
321000 4 6 4
322000 7 5 11
323000 4 4 13
324000 7 4 13
325000 4 0 11
326000 7 8 9
327000 6 2 6
328000 5 6 11
329000 4 3 8
330000 1 3 6
331000 4 2 12
332000 6 7 8
333000 4 5 6
334000 5 3 8
335000 5 4 14
336000 7 3 7
337000 4 5 8
338000 2 1 6
339000 7 7 9
340000 6 8 10
341000 2 3 8
342000 5 3 6
343000 2 2 2
344000 1 2 3
345000 5 1 11
346000 7 4 9
347000 3 5 8
348000 8 3 9
349000 7 4 11
350000 2 3 4
351000 6 7 7
352000 4 5 14
353000 2 7 3
354000 6 3 7
355000 1 4 1
356000 4 2 5
357000 5 6 6
358000 4 1 11
359000 8 5 8
360000 3 7 5
361000 3 6 13
362000 3 2 6
363000 1 3 5
364000 10 3 15
365000 3 5 11
366000 3 1 16
367000 4 3 4
368000 5 2 13
369000 4 1 9
370000 5 1 13
371000 1 1 2
372000 4 3 14
373000 3 3 4
374000 3 2 7
375000 5 1 18
376000 2 1 4
377000 4 4 11
378000 3 3 7
379000 4 5 4
380000 2 5 12
381000 6 3 8
382000 2 5 2
383000 2 1 6
384000 5 10 7
385000 1 2 2
386000 3 3 3
387000 6 3 6
388000 6 3 7
389000 7 6 8
390000 4 2 5
391000 4 3 4
392000 2 1 7
393000 4 4 15
394000 6 5 9
395000 4 3 4
396000 5 0 10
397000 2 2 6
398000 3 2 4
399000 4 6 5
400000 1 2 10
401000 1 0 1
402000 6 6 8
403000 4 8 5
404000 11 8 12
405000 8 6 12
406000 1 2 7
407000 3 3 4
408000 3 5 5
409000 2 5 5
410000 2 3 3
411000 3 2 4
412000 4 0 11
413000 4 3 5
414000 6 1 9
415000 4 4 5
416000 4 8 13
417000 7 3 15
418000 3 6 4
419000 5 3 6
420000 6 6 10
421000 6 5 9
422000 5 3 6
423000 4 2 11
424000 3 5 5
425000 4 3 5
426000 3 4 4
427000 7 5 12
428000 3 6 4
429000 5 4 7
430000 4 6 5
431000 3 2 5
432000 3 2 3
433000 2 4 2
434000 3 1 7
435000 8 5 12
436000 6 1 15
437000 3 2 10
438000 4 4 6
439000 4 3 6
440000 6 7 10
441000 4 3 7
442000 6 5 8
443000 6 2 9
444000 7 6 13
445000 6 5 11
446000 4 8 4
447000 3 1 3
448000 7 5 10
449000 3 6 6
450000 3 3 7
451000 0 1 1
452000 4 7 5
453000 6 5 10
454000 3 3 5
455000 5 8 13
456000 2 3 9
457000 5 5 7
458000 4 2 8
459000 2 1 13
460000 8 4 15
461000 3 6 4
462000 3 5 4
463000 6 5 11
464000 5 9 7
465000 6 8 6
466000 4 4 10
467000 6 3 14
468000 4 3 9
469000 3 4 3
470000 4 4 4
471000 4 6 4
472000 4 7 9
473000 4 7 6
474000 6 4 11
475000 4 2 5
476000 3 10 5
477000 6 5 12
478000 3 4 11
479000 8 3 16
480000 3 4 13
481000 5 3 7
482000 3 8 4
483000 5 4 9
484000 7 4 12
485000 7 2 12
486000 7 3 9
487000 4 1 7
488000 4 4 8
489000 5 0 9
490000 2 4 11
491000 5 3 5
492000 3 3 7
493000 7 1 17
494000 5 3 10
495000 4 4 10
496000 4 3 9
497000 7 7 15
498000 5 5 11
499000 3 1 5
500000 6 6 6
501000 3 5 3
502000 5 6 10
503000 4 5 8
504000 3 4 5
505000 2 4 7
506000 3 4 11
507000 3 1 8
508000 1 1 1
