
48906254 0  0 0
48828175 0  0 0
48859375 0  0 0
48828750 0  0 0
49222505 0  0 0
49222505 0  0 0
60941255 0  0 1
60941255 0  0 1
60941255 0  0 2
60941255 0  0 3
60938125 0  0 4
48906250 1  0 4
48828175 1  0 5
48859375 1  0 5
48828754 1  0 5
49378755 1  0 5
49378755 1  0 5
60941505 1  0 6
60941305 1  0 6
60941305 1  0 7
60941305 1  0 8
60941305 1  0 9
60938135 1  0 10
60941305 1  0 10
60938135 1  0 10
60941505 1  0 10
60941505 1  0 10
60941505 1  0 11
60938175 1  0 12
60941255 1  0 12
48906250 2  0 12
48828175 2  0 13
48828145 2  0 13
48985100 2  0 13
49379255 2  0 13
19988130 2  0 13
19988130 2  0 13
49223055 2  0 14
49223055 2  0 14
60941305 2  0 15
60938139 2  0 15
60941255 2  0 15
48908750 3  0 15
48840675 3  0 16
48859375 3  0 16
48860100 3  1 16
49254255 3  1 16
49254255 3  1 16
60941305 3  1 17
60938129 3  1 17
60941505 3  1 17
60944379 3  1 17
60941505 3  1 17
60938127 3  1 17
60941255 3  1 17
60938179 3  1 17
60941255 3  1 17
48906250 4  1 17
48828175 4  1 18
48828125 4  1 18
48985000 4  1 18
49378755 4  1 18
60941505 4  1 18
60938135 4  1 18
60941305 4  1 18
60938135 4  1 18
60941305 4  1 18
60938135 4  1 18
60941305 4  1 18
60941305 4  1 18
60938135 4  1 19
49222505 4  1 19
87968750 5  1 19
48828125 5  1 20
48828375 5  1 20
48828750 5  1 20
49222505 5  1 20
61097505 5  1 20
61097505 5  1 20
61097505 5  1 21
60972505 5  1 22
60972505 5  1 23
60972505 5  1 24
60972505 5  1 25
60938175 5  1 26
48828750 5  1 26
48906250 6  1 26
48828175 6  1 27
48828375 6  1 27
3906250 6  1 27