1000 7 3 11
2000 13 0 19
3000 10 0 11
4000 12 0 17
5000 10 3 11
6000 12 2 15
7000 11 0 15
8000 8 1 15
9000 9 2 15
10000 12 0 14
11000 14 2 19
12000 10 3 13
13000 9 1 18
14000 11 2 13
15000 10 0 13
16000 10 1 11
17000 17 2 23
18000 13 3 15
19000 11 1 16
20000 13 1 14
21000 14 4 17
22000 11 2 15
23000 12 4 14
24000 10 4 15
25000 15 0 25
26000 12 1 23
27000 8 3 13
28000 20 1 24
29000 10 4 13
30000 11 2 13
31000 10 0 18
32000 7 2 13
33000 13 0 19
34000 11 1 15
35000 11 0 13
36000 13 2 16
37000 11 5 13
38000 9 4 12
39000 8 1 8
40000 16 4 21
41000 8 0 10
42000 11 0 18
43000 12 2 17
44000 10 2 21
45000 9 1 20
46000 13 2 19
47000 14 4 20
48000 17 4 19
49000 11 0 11
50000 12 3 14
51000 15 3 21
52000 15 3 19
53000 8 1 16
54000 10 3 15
55000 13 3 20
56000 14 2 17
57000 17 3 19
58000 12 3 18
59000 14 1 17
60000 9 3 12
61000 10 0 17
62000 10 1 14
63000 14 3 17
64000 12 1 16
65000 15 3 21
66000 10 1 10
67000 10 3 13
68000 11 0 13
69000 6 3 7
70000 11 2 17
71000 10 1 17
72000 15 2 23
73000 13 3 19
74000 13 2 17
75000 11 3 13
76000 15 0 18
77000 14 1 17
78000 12 2 13
79000 11 2 20
80000 12 3 16
81000 8 3 15
82000 14 1 16
83000 15 2 17
84000 11 1 13
85000 15 3 18
86000 13 6 18
87000 8 2 10
88000 14 1 17
89000 11 1 15
90000 22 2 29
91000 17 0 17
92000 13 5 20
93000 10 1 15
94000 12 3 15
95000 8 0 12
96000 15 3 23
97000 18 1 22
98000 13 3 17
99000 11 0 14
100000 13 0 14
101000 8 3 13
102000 11 2 13
103000 12 1 13
104000 11 3 15
105000 8 2 13
106000 10 2 10
107000 17 3 18
108000 10 1 15
109000 12 2 13
110000 8 1 13
111000 11 4 14
112000 9 0 16
113000 9 2 14
114000 12 3 15
115000 14 2 18
116000 11 3 14
117000 19 3 22
118000 9 0 10
119000 14 1 18
120000 13 1 20
121000 10 3 11
122000 8 2 11
123000 10 0 10
124000 13 0 15
125000 10 2 11
126000 13 2 16
127000 12 4 12
128000 15 1 16
129000 17 3 25
130000 9 3 16
131000 13 4 18
132000 9 2 12
133000 10 3 13
134000 9 2 10
135000 13 2 20
136000 9 1 11
137000 8 6 11
138000 17 2 20
139000 3 1 8
140000 13 6 14
141000 14 1 17
142000 11 2 13
143000 8 0 15
144000 21 3 22
145000 13 1 14
146000 13 2 20
147000 13 1 22
148000 12 2 18
149000 12 4 16
150000 15 3 15
151000 13 2 20
152000 15 2 21
153000 10 5 11
154000 15 0 22
155000 11 2 13
156000 12 4 18
157000 11 2 17
158000 12 5 14
159000 11 3 13
160000 17 2 17
161000 11 4 11
162000 13 3 17
163000 8 3 14
164000 11 0 16
165000 8 2 13
166000 10 1 16
167000 14 2 19
168000 13 1 21
169000 13 0 16
170000 8 2 11
171000 13 1 22
172000 12 2 18
173000 16 2 20
174000 11 2 18
175000 12 3 15
176000 8 2 10
177000 15 1 17
178000 14 1 16
179000 11 1 14
180000 16 4 18
181000 7 3 11
182000 11 4 18
183000 13 4 16
184000 11 4 14
185000 14 2 15
186000 13 2 18
187000 10 0 16
188000 13 3 16
189000 11 3 13
190000 12 4 16
191000 14 4 18
192000 11 4 15
193000 13 3 19
194000 9 1 12
195000 15 2 17
196000 11 2 16
197000 14 1 15
198000 16 3 24
199000 11 1 18
200000 11 1 19
201000 11 1 16
202000 11 4 13
203000 12 3 15
204000 13 3 16
205000 8 5 9
206000 7 2 11
207000 9 4 12
208000 11 3 15
209000 6 0 15
210000 14 2 14
211000 17 4 20
212000 13 1 16
213000 15 2 21
214000 17 2 24
215000 18 2 23
216000 12 4 17
217000 16 2 23
218000 13 2 14
219000 16 1 21
220000 12 0 17
221000 9 3 10
222000 9 0 11
223000 17 0 24
224000 14 7 17
225000 18 1 19
226000 11 1 12
227000 12 4 15
228000 17 1 21
229000 13 0 15
230000 17 5 23
231000 8 0 12
232000 12 2 17
233000 10 3 15
234000 9 2 16
235000 9 2 11
236000 14 3 20
237000 10 2 13
238000 15 3 19
239000 13 5 16
240000 8 3 14
241000 11 2 13
242000 11 1 14
243000 13 1 18
244000 13 2 17
245000 12 4 13
246000 11 1 13
247000 12 1 12
248000 11 1 16
249000 12 2 16
250000 10 2 10
251000 13 2 19
252000 15 5 18
253000 12 0 12
254000 14 2 18
255000 11 1 16
256000 9 0 13
257000 12 1 14
258000 17 4 23
259000 7 2 7
260000 10 3 15
261000 10 2 13
262000 9 3 10
263000 12 5 20
264000 11 4 16
265000 11 2 12
266000 12 5 15
267000 14 4 16
268000 15 1 20
269000 11 3 18
270000 13 2 13
271000 14 2 16
272000 9 3 12
273000 12 4 13
274000 13 3 15
275000 12 2 20
276000 14 2 21
277000 17 4 23
278000 13 3 17
279000 10 4 11
280000 13 1 20
281000 10 3 17
282000 13 4 17
283000 15 3 21
284000 10 0 12
285000 15 2 21
286000 11 0 14
287000 12 2 16
288000 17 2 20
289000 9 2 13
290000 12 2 16
291000 8 2 12
292000 11 4 16
293000 14 3 20
294000 7 0 12
295000 18 4 21
296000 12 3 22
297000 10 4 11
298000 10 0 19
299000 14 1 15
300000 11 2 14
301000 12 2 17
302000 11 0 14
303000 9 1 14
304000 12 1 16
305000 12 3 13
306000 15 2 18
307000 9 2 11
308000 14 3 16
309000 8 0 11
310000 12 3 13
311000 12 3 19
312000 11 5 12
313000 16 1 21
314000 13 2 14
315000 14 7 19
316000 13 1 17
317000 12 0 12
318000 10 5 12
319000 9 1 17
320000 12 2 13
321000 12 3 13
322000 12 2 15
323000 10 0 11
324000 11 3 14
325000 14 2 20
326000 9 1 12
327000 12 5 18
328000 15 1 16
329000 14 3 23
330000 11 1 11
331000 13 1 17
332000 7 5 9
333000 11 2 16
334000 10 3 15
335000 11 2 21
336000 12 2 17
337000 14 4 19
338000 9 1 9
339000 12 3 15
340000 18 3 24
341000 13 2 19
342000 12 1 16
343000 10 2 12
344000 11 2 15
345000 13 3 18
346000 13 1 23
347000 10 1 11
348000 11 3 14
349000 16 1 19
350000 11 1 13
351000 14 2 18
352000 13 1 13
353000 13 2 14
354000 8 2 9
355000 7 3 8
356000 10 3 15
357000 10 0 13
358000 8 2 14
359000 11 3 11
360000 8 4 9
361000 11 1 14
362000 7 1 8
363000 11 2 14
364000 11 2 12
365000 9 2 14
366000 16 2 18
367000 14 4 15
368000 14 4 19
369000 10 1 12
370000 11 3 15
371000 10 4 10
372000 16 1 23
373000 12 1 15
374000 12 1 19
375000 14 5 21
376000 17 2 17
377000 14 1 23
378000 13 3 23
379000 11 4 12
380000 9 0 14
381000 7 4 12
382000 16 3 18
383000 15 2 18
384000 15 1 22
385000 14 4 17
386000 14 4 18
387000 12 3 15
388000 13 0 17
389000 9 0 12
390000 16 2 21
391000 10 4 10
392000 12 4 17
393000 16 6 16
394000 8 1 10
395000 13 2 17
396000 14 3 24
397000 16 1 21
398000 12 3 19
399000 13 0 16
400000 14 3 16
401000 10 4 12
402000 10 2 17
403000 11 0 16
404000 8 3 13
405000 13 3 14
406000 12 2 14
407000 11 1 17
408000 14 1 16
409000 11 1 14
410000 10 2 13
411000 13 0 15
412000 12 0 17
413000 15 1 17
414000 10 2 17
415000 13 2 16
416000 13 2 20
417000 12 2 17
418000 11 4 11
419000 12 1 16
420000 12 0 16
421000 12 5 18
422000 10 2 19
423000 17 2 24
424000 18 3 23
425000 8 3 11
426000 10 3 14
427000 12 1 15
428000 10 3 11
429000 11 3 16
430000 13 0 17
431000 12 1 15
432000 13 1 16
433000 11 1 14
434000 12 3 15
435000 11 1 12
436000 9 4 9
437000 10 4 18
438000 13 3 18
439000 11 2 13
440000 13 0 18
441000 13 1 13
442000 10 3 15
443000 14 1 16
444000 10 4 13
445000 12 5 15
446000 10 0 12
447000 9 0 10
448000 12 4 15
449000 15 5 17
450000 14 3 15
451000 10 2 13
452000 13 1 17
453000 9 0 11
454000 14 2 14
455000 12 0 14
456000 12 1 15
457000 13 3 12
458000 11 2 14
459000 15 3 23
460000 10 1 14
461000 9 0 11
462000 7 3 12
463000 10 4 11
464000 15 6 20
465000 11 5 20
466000 12 1 19
467000 15 3 18
468000 13 1 15
469000 12 4 14
470000 14 3 18
471000 11 4 18
472000 8 0 10
473000 9 1 14
474000 8 2 9
475000 16 4 20
476000 11 2 15
477000 13 5 18
478000 9 2 12
479000 14 3 15
480000 16 3 18
481000 8 1 18
482000 9 1 14
483000 10 1 15
484000 11 1 14
485000 11 3 19
486000 13 1 17
487000 17 1 20
488000 10 1 12
489000 11 2 15
490000 15 2 17
491000 8 2 16
492000 11 1 15
493000 10 5 12
494000 8 2 12
495000 11 1 18
496000 14 3 24
497000 13 2 16
498000 10 1 19
499000 17 3 22
500000 12 1 16
